
455 455 130 130 162 80 85 55 55 55 

150 150 20 20 25 80 85 55 55 55

0.00048 0.00031 0.002 0.00211 0.00298 0.00712 0.00079 0.00413 0.00222 0.00173

16.19 	17.26 	16.6	16.5	19.7	22.26	27.74	25.92	27.27	27.79

1000	970	700	680	450	370	480	660	665	670

8	8	5	5	6	3	3	1	1	1

8	8	5	5	6	3	3	1	1	1

4500	5000	550	560	900	170	260	30	30	30

9000	10000	1100	1120	1800	340	520	60	60	60
5	5	4	4	4	2	2	0	0	0

750 750 850 950 1000 1100 1150 1200 1300 1400 1450 1500 1400 1300 1200 1050 1000 1100 1200 1400 1300 1100 900 800