
550	550	500	500	500	500	500	500	500	500	500	500	500	365	365	325	315	315	315	272	272	260	190	150	125	110	75	70	70	70	70	60	60	60	60	60	38	38

220	220	200	200	200	200	200	200	200	114	114	114	110	90	82	120	65	65	65	120	120	110	80	10	60	55	35	20	20	20	20	20	25	18	8	25	20	20
0.3133	0.3133	0.3127	0.3127	0.3127	0.3127	0.3127	0.3127	0.7075	0.7075	0.7515	0.7083	0.4211	0.5145	0.5691	0.5691	2.5881	3.8734	36842	0.4291	0.5728	0.3572	0.9415	52.123	1.1421	2.0275	3.0744	16.765	26.355	30.575	25.098	33.722	23.914	32.562	18.362	23.915	8.482	9.693

796.9	796.9	795.5	795.5	795.5	795.5	795.5	795.5	915.7	915.7	884.2	884.2	1250.1	1298.6	1298.6	1290.8	238.1	1149.5	1269.1	696.1	690.2	803.2	818.2	33.5	805.4	707.1	833.6	2188.7	1024.4	837.1	1305.2	716.6	1633.9	969.5	2625.8	1633.9	694.7	655.9

64782	64782	64670	64670	64670	64670	64670	64670	172832	172832	176003	173028	91340	63440	65486	72282	190928	285372	271376	39197	45576	28770	36902	105510	22233	30953	17044	81079	124767	121915	120780	104441	83224	111281	64142	103519	13547	13518

18	18	18	18	18	18	18	18	7	7	7	7	9	12	12	10	1	1	1	9	9	11	14	1	8	14	14	1	1	1	1	1	1	1	1	1	11	11

8	8	8	8	8	8	8	8	7	7	7	7	8	8	8	8	1	1	1	8	8	8	7	1	8	7	14	1	1	1	1	1	1	1	1	1	8	8

805000	805000	805000	805000	805000	805000	805000	805000	402500	402500	402500	402500	575000	575000	575000	575000	23000	23000	575000	575000	460000	92000	23000	115000	287500	253000	5750	5750	5750	5750	7670	7670	7670	7670	7670	7670	69000	69000	

805000	805000	805000	805000	805000	805000	805000	805000	402500	402500	402500	402500	575000	575000	575000	575000	23000	23000	575000	575000	460000	92000	23000	115000	287500	253000	5750	5750	5750	5750	7670	7670	7670	7670	7670	7670	69000	69000	

8	8	8	8	8	8	8	8	7	7	7	7	8	8	8	8	1	1	1	8	8	8	7	1	8	7	14	1	1	1	1	1	1	1	1	1	8	8

5700	5400	5150	4850	4950	4800	4850	5400	6700	7850	8000	8100	6900	8150	8250	800	7800	7100	6800	7300	7100	6800	6550	6450

138	138	120	120	120	120	120	120	120	256	256	256	170	125	125	125	70	70	70	91	91	132	98	20	60	56	38	30	30	30	30	30	30	20	20	30	20	20