
12	12	12	12	12	20	20	20	20	76	76	76	76	100	100	100	155	155	155	155	197	197	197	350	400	400

2.4	2.4	2.4	2.4	2.4	4	4	4	4	15.2	15.2	15.2	15.2	25	25	25	54.25	54.25	54.25	54.25	68.95	68.95	68.95	140	100	100	

0.02533	0.02649	0.02801	0.02842	0.2855	0.01199	0.01261	0.01358	0.01433	0.00876	0.00895	0.00910	0.00932	0.00632	0.00612	0.00598	0.00463	0.00473	0.00481	0.00487	0.00259	0.00260	0.00263	0.00153	0.00194	0.00195

25.5472	25.6753	25.8029	25.9318	26.0611	37.551	37.6637	37.777	37.8896	13.3272	13.3272	13.3538	13.4073	18	18.1	18.2	10.694	10.7154	10.7367	10.7583	23	23.1	23.2	10.8616	7.4921	7.5031

24.3891	24.4110	24.6382	24.7605	24.8882	117.755	118.108	118.458	118.820	81.1364	81.2980	81.4641	81.6259	217.895	218.335	218.775	142.735	143.029	143.318	143.597	259.131	259.649	260.176	177.058	310.002	311.910

1	1	1	1	1	2	2	2	2	3	3	3	3	4	4	4	5	5	5	5	5	5	5	8	8	8

0	0 	0	0	0	0	0	0	0	2	2	2	2	2	2	2	3	3	3	3	4	4	4	5	5	5

0.01	0.01	0.01	0.01	0.01	20	20	20	20	50	50	50	50	70	70	70	150	150	150	150	200	200	200	300	500	500

0.01	0.01	0.01	0.01	0.01	20	20	20	20	50	50	50	50	70	70	70	150	150	150	150	200	200	200	300	500	500

0	0	0	0	0	0	0	0	0	2	2	2	2	2	2	2	3	3	3	3	4	4	4	5	5	5

1700	1730	1690	1700	1750	1850	2000	2430	2540	2600	2670	2590	2590	2550	2620	2650	2550	2530	2500	2550	2600	2480	2200	1840	